image: map_magdeburg_real.pgm
#resolution: 0.025000
resolution: 0.1
origin: [-10.000000, -10.000000, 0.000000]
negate: 0
occupied_thresh: 0.65
free_thresh: 0.196

